target_rRNA_label	probe_ID	probe_sequence
GCA_000317225.1_16S	GCA_000317225.1_16S_0	AGGTGATCCAGCCACACCTTCCGGTACGGCTACCTTGTTACGACTTCACCCCAGTCACCAGTCCTACCTTCGG
GCA_000317225.1_16S	GCA_000317225.1_16S_1	CGTCCCCCTCCTTTGACGGTTAGGGTAACGACTTCGGGCGTGACCAGCTT
GCA_000317225.1_16S	GCA_000317225.1_16S_2	CCATGGTGTGACGGGCGGTGTGTACAAGGCCCGGGAACGAATTCACTGCA
GCA_000317225.1_16S	GCA_000317225.1_16S_3	GTATGCTGACCTGCAATTACTAGCGATTCCGACTTCACGCAGGCGAGTTG
GCA_000317225.1_16S	GCA_000317225.1_16S_4	CAGCCTGCGATCTGAACTGAGCCCGAGTTTCTGAGATTTGCTTGTATTCG
GCA_000317225.1_16S	GCA_000317225.1_16S_5	CATACTTGCTGCCCTTTGTCTCGAGCATTGTAGTACGTGTGTAGCCCAGG
GCA_000317225.1_16S	GCA_000317225.1_16S_6	ACGTAAGGGGCATGCTGACTTGACGTCATCCCCACCTTCCTCCGGTTTGT
GCA_000317225.1_16S	GCA_000317225.1_16S_7	CACCGGCAGTCTCCCTAGAGTGCCCATCCGAAATGCTGGCAACTAAGAAC
GCA_000317225.1_16S	GCA_000317225.1_16S_8	GAGGGTTGCGCTCGTTGCGGGACTTAACCCAACATCTCACGACACGAGCT
GCA_000317225.1_16S	GCA_000317225.1_16S_9	GACGACAGCCATGCACCACCTGTGTTCTGGCTCCCGAAGGCACCTTCAGC
GCA_000317225.1_16S	GCA_000317225.1_16S_10	TTTCACCGAAGTTCCAGACATGTCAAGCCCTGGTAAGGTTCTTCGCGTTG
GCA_000317225.1_16S	GCA_000317225.1_16S_11	CATCGAATTAAACCACATACTCCACCGCTTGTGCGGGCCCCCGTCAATTC
GCA_000317225.1_16S	GCA_000317225.1_16S_12	CTTTGAGTTTCACACTTGCGTGCGTACTCCCCAGGCGGGATACTTAACGC
GCA_000317225.1_16S	GCA_000317225.1_16S_13	GTTAGCTACGGCACTGAGAGGGTCGATACTCTCAACGCCTAGTATCCATC
GCA_000317225.1_16S	GCA_000317225.1_16S_14	GTTTACGGCTAGGACTACTGGGGTATCTAATCCCATTCGCTCCCCTAGCT
GCA_000317225.1_16S	GCA_000317225.1_16S_15	TTCGTCCCTCAGTGTCAGTTGCGGCCTAGCAGAGCGCTTTCGCCACCGGT
GCA_000317225.1_16S	GCA_000317225.1_16S_16	GTTCTTCCTGATCTCTACGCATTTCACCGCTACACCAGGAATTCCCTCTG
GCA_000317225.1_16S	GCA_000317225.1_16S_17	CCCCGAACGCACTCTAGTCGTGTAGTTTCTACTGCCTTTATCATGTTAAG
GCA_000317225.1_16S	GCA_000317225.1_16S_18	CATGATGCTTTGACAATAGACACACACAACCACCTGCGGACGCTTTACGC
GCA_000317225.1_16S	GCA_000317225.1_16S_19	CCAATCATTCCGGATAACGCTTGCATCCTCCGTATTACCGCGGCTGCTGG
GCA_000317225.1_16S	GCA_000317225.1_16S_20	CACGGAGTTAGCCGATGCTGATTCCTCAAGTACCGTCAGAACTTCTTCCT
GCA_000317225.1_16S	GCA_000317225.1_16S_21	TGAGAAAAGAGGTTTACAACCCAAGAGCCTTCCTCCCTCACGCGGTATTG
GCA_000317225.1_16S	GCA_000317225.1_16S_22	CTCCGTCAGGCTTTCGCCCATTGCGGAAAATTCCCCACTGCTGCCTCCCG
GCA_000317225.1_16S	GCA_000317225.1_16S_23	TAGGAGTCTGGACCGTGTCTCAGTTCCAGTGTGGCTGATCATCCTCTCAG
GCA_000317225.1_16S	GCA_000317225.1_16S_24	ACCAGCTACTGATCGTCGCCTTGGTAGTCCCTTACACCACCAACTAGCTA
GCA_000317225.1_16S	GCA_000317225.1_16S_25	ATCAGACGCGAGCTCTTCTTCAGGCGGCTAGCCTTTCACCTCTCGGCACA
GCA_000317225.1_16S	GCA_000317225.1_16S_26	TCCGGTATTAGCATCGGTTTCCCAATGTTGTCCCGAACCTGAAGCTAGAT
GCA_000317225.1_16S	GCA_000317225.1_16S_27	TCTCACGCGTTACTCACCCGTCCGCCACTATGCACAGACGTAGCATTGCT
GCA_000317225.1_16S	GCA_000317225.1_16S_28	ACGTCCCCACATCGTTCGACTTGCATGTGTTAAGCATACCGCCAGCGTTCATCCTGAGCCAGGATCAAACTCT
GCA_000317225.1_23S	GCA_000317225.1_23S_0	GAGGTCAAGCCCTCGGTCTGTTAGTACTCCTCAGCTTCATATGTTGCCACACTTCCACTTAG
GCA_000317225.1_23S	GCA_000317225.1_23S_1	AGCCTATGAACAGGTGTTCTACCTGTGACCTTACCAGCTTTGTGCTGTGA
GCA_000317225.1_23S	GCA_000317225.1_23S_2	GAGTACTCATCTTGAGGTGGGCTTCCCACTTAGATGCTTTCAGCGGTTAT
GCA_000317225.1_23S	GCA_000317225.1_23S_3	CCGCTCCGCACATGGCTACCCAGCGTCTACTGTTGGCACAATAACTGGTA
GCA_000317225.1_23S	GCA_000317225.1_23S_4	CACCAGCGGTGCGTCCTTCCCGGTCCTCTCGTACTAAGGAAGGCTCCTCT
GCA_000317225.1_23S	GCA_000317225.1_23S_5	CAATACTCTTACGCCTGCACCGGATATGGACCGAACTGTCTCACGACGTT
GCA_000317225.1_23S	GCA_000317225.1_23S_6	CTGAACCCAGCTCACGTACCGCTTTAATGGGCGAACAGCCCAACCCTTGG
GCA_000317225.1_23S	GCA_000317225.1_23S_7	GACGTACTTCCGCCCCAGGTTGCGATGAGCCGACATCGAGGTGCCAAACC
GCA_000317225.1_23S	GCA_000317225.1_23S_8	TCCCCGTCGATGTGGACTCTTGGGGGAGATCAGCCTGTTATCCCTAGAGT
GCA_000317225.1_23S	GCA_000317225.1_23S_9	AACTTTTATCCGTTGAGCGACGGCCATTCCACGCTGCGCCGTCGGATCAC
GCA_000317225.1_23S	GCA_000317225.1_23S_10	TAAGGCCTAGTTTCCTACCTGCTCCACTTGTTGGTGTTGCAGTCAAGCTC
GCA_000317225.1_23S	GCA_000317225.1_23S_11	CCTTTATGCCTTTACACTCGTCGCACGGTTTCCAAGCGTGCTGAGGGAAC
GCA_000317225.1_23S	GCA_000317225.1_23S_12	CTTTGCGCGCCTCCGTTATCTTTTAGGAGGCGACCGCCCCAGTCAAACTG
GCA_000317225.1_23S	GCA_000317225.1_23S_13	CCCGCCTGAAACTGTCTCCCGACCGGATGACGGTCGCGGGTTAGAATCCT
GCA_000317225.1_23S	GCA_000317225.1_23S_14	AGCTGAACTAGAGTGGTATCTCACCGTTGGCTCCGCATCCCCCACAAGGA
GCA_000317225.1_23S	GCA_000317225.1_23S_15	ATGCCTCAGTGCCTCCCACCTATCCTGCGCAAGCTCAGCCCGGACACCAT
GCA_000317225.1_23S	GCA_000317225.1_23S_16	TCCAGGTTACAGTAAAGCTTCATAGGGTCTTTCTGTCCAGGTGCAGGTAG
GCA_000317225.1_23S	GCA_000317225.1_23S_17	TCCGTATCTTCACAGACAATCCTATTTCGCCGAGTCTCTCTCCGAGACAC
GCA_000317225.1_23S	GCA_000317225.1_23S_18	CATCCAGATCGTTACGCCTTTCGTGCGGGTCGGAACTTACCCGACAAGGA
GCA_000317225.1_23S	GCA_000317225.1_23S_19	ATTTCGCTACCTTAGGACCGTTATAGTTACGGCCGCCGTTCACCGGGGCT
GCA_000317225.1_23S	GCA_000317225.1_23S_20	TCGGTCGTCAGCTTTAGGGTTGCCCCCTGACCAACTTCCTTAACCTTCCG
GCA_000317225.1_23S	GCA_000317225.1_23S_21	GCACTGGGCAGGCGTCAGCCCCCATACATGCTCTTACGAGTTTGCGGAGA
GCA_000317225.1_23S	GCA_000317225.1_23S_22	CCTGTGTTTTTGGTAAACAGTCGCCTGGATCTCTTCACTGCGACCCACCT
GCA_000317225.1_23S	GCA_000317225.1_23S_23	GTTGAGGTGGGCACCCCTTCTTCCGAAGTTACGGGGCCATTTTGCCGAGT
GCA_000317225.1_23S	GCA_000317225.1_23S_24	TCCTTAGAGAGAGTTATCTCGCGCCCCTTGGTATTCTCAACCTCCCCACC
GCA_000317225.1_23S	GCA_000317225.1_23S_25	TGTGTCGGTTTCGGGTACGGGTAAAGTATGCTCAACACATTACTAGCTTT
GCA_000317225.1_23S	GCA_000317225.1_23S_26	TCTTGGCACTCATTTCGACTACTCGGAGTTCGTAAACTCCTCCCAATCCA
GCA_000317225.1_23S	GCA_000317225.1_23S_27	GTCAGGGTGTAGTCCCCACTCATGCGTCCCTAGCAATGCTCCCATACTTT
GCA_000317225.1_23S	GCA_000317225.1_23S_28	AGTCAGGGATTGTTGACCCTGTGTCCATCGACTACGCCGTTCGACCTCGC
GCA_000317225.1_23S	GCA_000317225.1_23S_29	CTTAGGTCCCGACTAACCCAGAGTGGACGAACCTGGCTCTGGAACCCTTG
GCA_000317225.1_23S	GCA_000317225.1_23S_30	GGGTTTCGGGGCATTGGATTCTCACCAATGTTTGCGCTACTCAAGCCGAC
GCA_000317225.1_23S	GCA_000317225.1_23S_31	ATTCTCACTTCTATACAGTCCACACCTGCTTGCCGCTAGTGCTTCTTCCC
GCA_000317225.1_23S	GCA_000317225.1_23S_32	ATATAGAACGCTCCCCTACCGATTACAATGTAATCCCACAGCTTCGGTAC
GCA_000317225.1_23S	GCA_000317225.1_23S_33	ATCGCTTAGTCCCATTCATTTTCGGCGCAGGAGCGCTTGACCAGTGAGCT
GCA_000317225.1_23S	GCA_000317225.1_23S_34	ATTACGCACTCTTTCAAGGGTGGCTGCTTCTAGGCAAACCTCCTGGTTGT
GCA_000317225.1_23S	GCA_000317225.1_23S_35	CTATGCACTCCCACCTCCTTTGCCACTTAGCGATGATTTGGGGACCTTAG
GCA_000317225.1_23S	GCA_000317225.1_23S_36	CTGGTGGTCTGGGCTGTTTCCCTCTTGACGATGAAGCTTATCCCCCACCG
GCA_000317225.1_23S	GCA_000317225.1_23S_37	TCTCACTGGCTGTGTCTTCTTCGGGTATTCAGAGTTTATCTCGATTTGGT
GCA_000317225.1_23S	GCA_000317225.1_23S_38	ACCGCTCTCGCAGCCCGCACCGAAATAGTGCTTTACCCCCCGAGTTAATC
GCA_000317225.1_23S	GCA_000317225.1_23S_39	ACAACCGCTGCGCCTCAACACATTTCGGGGAGAACCAGCTAGCTCCTGGT
GCA_000317225.1_23S	GCA_000317225.1_23S_40	TCGATTGGCATTTCACCCCTAACCACAACTCATCCGCCGATTTTTCAACA
GCA_000317225.1_23S	GCA_000317225.1_23S_41	TCGGTCGGTGCGGACCTCCACTTGGTGTTACCCAAGCTTCATCCTGGTCA
GCA_000317225.1_23S	GCA_000317225.1_23S_42	TGGTTAGATCACCAGGGTTCGGGTCTATAAACACTGATTTGCGCCCTCTT
GCA_000317225.1_23S	GCA_000317225.1_23S_43	CAGACTCGCTTTCGCTTTGGCTTCGTGCTATCCACTTAACCTACCAGTGC
GCA_000317225.1_23S	GCA_000317225.1_23S_44	TTATAACTCGCCGGCTCATTCTTCAACAGGCACGCGGTCAGACGTTTAAT
GCA_000317225.1_23S	GCA_000317225.1_23S_45	CGTCCTCCCACTGCTTGTGGGCTTGCGGTTTCATGTTCTTTTTCACTCCC
GCA_000317225.1_23S	GCA_000317225.1_23S_46	CTTGTTGGGGTTCTTTTCACCTTTCCCTCGCGGTACTGTTTCGCTATCGG
GCA_000317225.1_23S	GCA_000317225.1_23S_47	TCACACAGGAGTATTTAGCCTTATCTCGTGGTCGAGACTGATTCACATGG
GCA_000317225.1_23S	GCA_000317225.1_23S_48	AATTTCACGTGCCCCATGCTACTCGGGATTCAGCTGCTATCTTCAAGTTT
GCA_000317225.1_23S	GCA_000317225.1_23S_49	TCGACTACAAGACTTTCACTTTCTCTGGTGCATCTTTTCAATGCTTCGTC
GCA_000317225.1_23S	GCA_000317225.1_23S_50	TAACTCTACGATTCGCATCATGCTGTCCCACTACCCCAACAAGCAAGCTT
GCA_000317225.1_23S	GCA_000317225.1_23S_51	GTTGGTTTAGGCTCTTCCCCGTTCGCTCACCACTACTTGGAGAATCTCGT
GCA_000317225.1_23S	GCA_000317225.1_23S_52	TTGATTTCTTTTCCTCGGGCTACTAAGATGTTTCAGTTCGCCCGGTTCGC
GCA_000317225.1_23S	GCA_000317225.1_23S_53	TCTTACCTATCTATATATTCAATAGGCAGTTTTTAGGGTTCCCCCATTCG
GCA_000317225.1_23S	GCA_000317225.1_23S_54	GACACCTCCGGCTCAATGCTTGCTTCCAACTCCCCGGAGCTTTTCGTTGG
GCA_000317225.1_23S	GCA_000317225.1_23S_55	TAACCACGTCCTTCTTCGCCTCTGTGTGCCTAGGTATCCTCCGCAAGCCCTTATTAGCTTGA
