target_rRNA_label	probe_ID	probe_sequence
GCA_002086405.1_16S	GCA_002086405.1_16S_0	AGGTGATCCAGCCGCACCTTCCGGTACGGCTACCTTGTTACGACTTCGTCCCAATCGCCGA
GCA_002086405.1_16S	GCA_002086405.1_16S_1	TCCCACCTTCGACGGCTCCCTCCACAAGGGTTAGGCCACCGGCTTCGGGT
GCA_002086405.1_16S	GCA_002086405.1_16S_2	GTTACCGACTTTCATGACGTGACGGGCGGTGTGTACAAGGCCCGGGAACG
GCA_002086405.1_16S	GCA_002086405.1_16S_3	TATTCACCGCAGCGTTGCTGATCTGCGATTACTAGCGACTCCGACTTCAT
GCA_002086405.1_16S	GCA_002086405.1_16S_4	GGGGTCGAGTTGCAGACCCCAATCCGAACTGAGACCGGCTTTAAAGGATT
GCA_002086405.1_16S	GCA_002086405.1_16S_5	CGCTAACCCTCACGGGATCGCAGCCCTTTGTACCGGCCATTGTAGCATGT
GCA_002086405.1_16S	GCA_002086405.1_16S_6	GTGAAGCCCTGGACATAAGGGGCATGATGACTTGACGTCATCCCCACCTT
GCA_002086405.1_16S	GCA_002086405.1_16S_7	CCTCCGAGTTGACCCCGGCAGTCTCTCACGAGTCCCCACCATTACGTGCT
GCA_002086405.1_16S	GCA_002086405.1_16S_8	GGCAACATGAGACAAGGGTTGCGCTCGTTGCGGGACTTAACCCAACATCT
GCA_002086405.1_16S	GCA_002086405.1_16S_9	CACGACACGAGCTGACGACAGCCATGCACCACCTGCACACAGGCCACAAG
GCA_002086405.1_16S	GCA_002086405.1_16S_10	GGAACCGATATCTCTACCGGCGTCCTGTGCATGTCAAACCCAGGTAAGGT
GCA_002086405.1_16S	GCA_002086405.1_16S_11	TCTTCGCGTTGCATCGAATTAATCCACATGCTCCGCCGCTTGTGCGGGCC
GCA_002086405.1_16S	GCA_002086405.1_16S_12	CCCGTCAATTCCTTTGAGTTTTAGCCTTGCGGCCGTACTCCCCAGGCGGG
GCA_002086405.1_16S	GCA_002086405.1_16S_13	GTACTTAATGCGTTAGCTACGGCACGGATCCCTAAAGGAAGGAAACCCAC
GCA_002086405.1_16S	GCA_002086405.1_16S_14	ACCTAGTACCCACCGTTTACGGCGTGGACTACCAGGGTATCTAATCCTGT
GCA_002086405.1_16S	GCA_002086405.1_16S_15	TCGCTCCCCACGCTTTCGCTCCTCAGCGTCAGTTACTGCCCAGAGACCCG
GCA_002086405.1_16S	GCA_002086405.1_16S_16	CCTTCGCCACCGGTGTTCCTCCTGATATCTGCGCATTCCACCGCTACACC
GCA_002086405.1_16S	GCA_002086405.1_16S_17	AGGAATTCCAGTCTCCCCTACAGTACTCTAGTCTGCCCGTATCGCCCGCA
GCA_002086405.1_16S	GCA_002086405.1_16S_18	CGCCCACAGTTAAGCTGTGAGTTTTCACGGACAACGTGACAAACCACCTA
GCA_002086405.1_16S	GCA_002086405.1_16S_19	CGAGCTCTTTACGCCCAGTAATTCCGGACAACGCTCGCACCCTACGTATT
GCA_002086405.1_16S	GCA_002086405.1_16S_20	ACCGCGGCTGCTGGCACGTAGTTGGCCGGTGCTTCTTCTGTACCTACCGT
GCA_002086405.1_16S	GCA_002086405.1_16S_21	CACCCCAAGAAAAATCCTGGAGCTTCGCCGATACTGAAAGAGGTTTACAA
GCA_002086405.1_16S	GCA_002086405.1_16S_22	CCCGAAGGCCGTCATCCCCCACGCGGCGTCGCTGCATCAGGCTTGCGCCC
GCA_002086405.1_16S	GCA_002086405.1_16S_23	ATTGTGCAATATTCCCCACTGCTGCCTCCCGTAGGAGTCTGGGCCGTATC
GCA_002086405.1_16S	GCA_002086405.1_16S_24	TCAGTCCCAGTGTGGCCGGACACCCTCTCAGGCCGGCTACCCGTCGTCGC
GCA_002086405.1_16S	GCA_002086405.1_16S_25	CTTGGTAGGCCATTACCCCACCAACAAGCTGATAGGCCGCGGGCCCATCC
GCA_002086405.1_16S	GCA_002086405.1_16S_26	CACACCGCAAAAGCTTTCCACCACACACCATGAAGCATGCGGTCCTATTC
GCA_002086405.1_16S	GCA_002086405.1_16S_27	GGTATTAGACCCAGTTTCCCAGGCTTATCCCAAAGTGCAGGGCAGATCAC
GCA_002086405.1_16S	GCA_002086405.1_16S_28	CCACGTGTTACTCACCCGTTCGCCACTCGAGTACCCCCGAAGGGGCCTTT
GCA_002086405.1_16S	GCA_002086405.1_16S_29	CCGTTCGACTTGCATGTGTTAAGCACGCCGCCAGCGTTCGTCCTGAGCCAGGATCAAACTCT
GCA_002086405.1_23S	GCA_002086405.1_23S_0	TGTTGTAAGTTTTCGGCCGGTTAGTGCCAGTTCCCTGCACACCTTACGGTGCTTCCAGGT
GCA_002086405.1_23S	GCA_002086405.1_23S_1	CTGGTCTATCAATCCCGTAGTCTGCGGGGGGCCTTATCCCTCTAAAAGGG
GCA_002086405.1_23S	GCA_002086405.1_23S_2	TGAGAATCCTGGTCTTGGAGTAGGTTTCCCGCTTAGATGCTTTCAGCGGT
GCA_002086405.1_23S	GCA_002086405.1_23S_3	TATCCTGTCCGAACGTAGCTATCCAGCCGTGCTCCTGGTGGAACAACTGG
GCA_002086405.1_23S	GCA_002086405.1_23S_4	TATACCAGAGGTTCGTCCGTCCCGGTCCTCTCGTACTAGGGACAGGTTTC
GCA_002086405.1_23S	GCA_002086405.1_23S_5	CTCAAGATTCTGACGCGCGCGGCGGATAGAGACCGAACTGTCTCACGACG
GCA_002086405.1_23S	GCA_002086405.1_23S_6	TTCTAAACCCAGCTCGCGTGCCGCTTTAATGGGCGAACAGCCCAACCCTT
GCA_002086405.1_23S	GCA_002086405.1_23S_7	GGGACCTGCTCCAGCCCCAGGATGCGACGAGCCGACATCGAGGTGCCAAA
GCA_002086405.1_23S	GCA_002086405.1_23S_8	CCATCCCGTCGATATGGACTCTTGGGGAAGATCAGCCTGTTATCCCCGGG
GCA_002086405.1_23S	GCA_002086405.1_23S_9	GTACCTTTTATCCGTTGAGCGACACCCCTTCCACTCGGGGGTGCCGGATC
GCA_002086405.1_23S	GCA_002086405.1_23S_10	ACTAGTCCCGACTTTCGTCCCTGTTTGACGTGTCAGTCTTACAGTCAAGC
GCA_002086405.1_23S	GCA_002086405.1_23S_11	TCCCTTGTGCACTTACACTCAACACCTGATTGCCGTCCAGGTTGAGGGAA
GCA_002086405.1_23S	GCA_002086405.1_23S_12	CCTTTGGGCGCCTCCGTTACATTTTAGGAGGCAACCGCCCCAGTTAAACT
GCA_002086405.1_23S	GCA_002086405.1_23S_13	ACCCACCAGGCACTGTCCCTGAACCAGTTTCATGGTTCGAAGTTAGAGGT
GCA_002086405.1_23S	GCA_002086405.1_23S_14	CCAATACGATCAGAGTGGTATTTCAACAACGACTCCACCCACACTGGCGT
GCA_002086405.1_23S	GCA_002086405.1_23S_15	GCGGGTTTCACAGTCTCCCACCTATCCTACACAAACCGCATCGAACATCA
GCA_002086405.1_23S	GCA_002086405.1_23S_16	ATACCAAGCTATAGTGAAGGTCCCGGGGTCTTTTCGTCCTGCCGCGCGTA
GCA_002086405.1_23S	GCA_002086405.1_23S_17	ACGAGCATCTTTACTCGTAATGCAATTTCGCCGAGTCTATGGTTGAGACA
GCA_002086405.1_23S	GCA_002086405.1_23S_18	GTTGAGAAGTCGTTACGCCATTCGTGCAGGTCGGAACTTACCCGACAAGG
GCA_002086405.1_23S	GCA_002086405.1_23S_19	AATTTCGCTACCTTAGGATGGTTATAGTTACCACCGCCGTTTACTGGGGC
GCA_002086405.1_23S	GCA_002086405.1_23S_20	TTAAATTCTCAGCTTCACCCCGAAGGGTTAACCGGTCCTCTTAACCTTCC
GCA_002086405.1_23S	GCA_002086405.1_23S_21	AGCACCGGGCAGGCGTCAGTCCGTATACATCGTCTTGCGACTTCGCACGG
GCA_002086405.1_23S	GCA_002086405.1_23S_22	ACCTGTGTTTTTAGTAAACAGTCGCTTCTCACTGGTTTCTGCGACCCTCT
GCA_002086405.1_23S	GCA_002086405.1_23S_23	CCCGCTGCCCACCGCAAGGGTGTTGACGGTATGGGGGTCCCCCTTCTCCC
GCA_002086405.1_23S	GCA_002086405.1_23S_24	GAAGTTACGGGGGTATTTTGCCGAGTTCCTTAACCATAGTTAACTCGTAC
GCA_002086405.1_23S	GCA_002086405.1_23S_25	GCCTTGGTATTCTCTACCTGACCACCTGTGTTGGTTTGGGGTACGGGCCG
GCA_002086405.1_23S	GCA_002086405.1_23S_26	TGTGCGTGCTCGCTAGAGGCTTTTCTTGGCAGCATAGGATCACCGAATTC
GCA_002086405.1_23S	GCA_002086405.1_23S_27	GCCGCAATCGGCTATGCATCACCTCTCGGACTATATGCCAGACGGATTTA
GCA_002086405.1_23S	GCA_002086405.1_23S_28	CCTATCTGACGTCCTACGGGCTTACCCCAGTATTACCACTGACTGGTACG
GCA_002086405.1_23S	GCA_002086405.1_23S_29	GCTACCTTCCTGCGTCACCCCATCGCTTGACTACTACCCACCCGGGTCCC
GCA_002086405.1_23S	GCA_002086405.1_23S_30	ACGCAGCCGATAAACGCCTCATCCCGAAGGATAAAGTCGTCCACCATTTG
GCA_002086405.1_23S	GCA_002086405.1_23S_31	GGTGGTTAGCAGAATGGATTCATCAGGGACGCTCACACACGGGTACGGGA
GCA_002086405.1_23S	GCA_002086405.1_23S_32	ATATCAACCCGTTGTCCATCGACTACGCCTGTCGGCCTCGCCTTAGGTCC
GCA_002086405.1_23S	GCA_002086405.1_23S_33	CGACTCACCCTGGGAGGACTGGCCTGGCCCAGGAACCCTTGGTCTTTCGG
GCA_002086405.1_23S	GCA_002086405.1_23S_34	CGGGCAAGGTTCTCACTTGCCTCATCGCTACTCATGCCTGCATTCTCACT
GCA_002086405.1_23S	GCA_002086405.1_23S_35	CCCACACCCTCCACCACTAGATCACTCTGTGGCTTCACCGGATGCAGGAC
GCA_002086405.1_23S	GCA_002086405.1_23S_36	GCTCCCCTACCCAATACTTACGTATTGCCGCGGCTTCGGCGGTGTGCTTG
GCA_002086405.1_23S	GCA_002086405.1_23S_37	AGCCCCGCTACATTATCGGCGCACAATCACTTGACCAGTGAGCTATTACG
GCA_002086405.1_23S	GCA_002086405.1_23S_38	CACTCTTTCAAGGGTGGCTGCTTCTAAGCCAACCTCCTGGTTGTCTATGC
GCA_002086405.1_23S	GCA_002086405.1_23S_39	GACTGCACATCCTTTTCCACTTAGCACACGCTTTGGGGCCTTAGCCGGCG
GCA_002086405.1_23S	GCA_002086405.1_23S_40	ATCTGGGCTGTTTCCCTCTCGACGCACGGAGCTTATCCCCCGCCGTCTCA
GCA_002086405.1_23S	GCA_002086405.1_23S_41	CTGCCACGCTTACACTCACCGGCATTCGGAGTTTGGCTGACGTCAGTAAC
GCA_002086405.1_23S	GCA_002086405.1_23S_42	CTAGTAGGGCCCATCGGCCATCCAGTAGCTCTACCTCCGGTGAGAAACAC
GCA_002086405.1_23S	GCA_002086405.1_23S_43	GCAACGCTGCACCTAAATGCATTTCGGGGAGAACCAGCTATCACGGAGTT
GCA_002086405.1_23S	GCA_002086405.1_23S_44	TGATTGGCCTTTCACCCCTACCCACAACTCATCCCCTCAGTCTTCAACCT
GCA_002086405.1_23S	GCA_002086405.1_23S_45	AAGTGGGTTCGGGCCTCCACGCGGTCTTACCCGCGCTTCACCCTGGCCAT
GCA_002086405.1_23S	GCA_002086405.1_23S_46	GGGTAGATCACTCCGCTTCGGGTCCACAACACGCCACTACACCAGCCCCT
GCA_002086405.1_23S	GCA_002086405.1_23S_47	CTGGACTGGATACGCCCTATTCAGACTCGCTTTCGCTACGGCTACCCCAC
GCA_002086405.1_23S	GCA_002086405.1_23S_48	ACGGGTTAACCTCGCGACGTGCCGGTGACTCGCAGGCTCATTCTTCAAAA
GCA_002086405.1_23S	GCA_002086405.1_23S_49	GGCACGCCATCACCCCACTACTAAGAGAGGGCTCTGACGGATTGTAGGCA
GCA_002086405.1_23S	GCA_002086405.1_23S_50	CATGGTTTCAGGTACTATTTCACTCCCCTCCCGGGGTACTTTTCACCATT
GCA_002086405.1_23S	GCA_002086405.1_23S_51	CCCTCACGGTACTAATCCGCTATCGGTCATCGAGTAGTATTCAGGCTTAC
GCA_002086405.1_23S	GCA_002086405.1_23S_52	CGGGTGGTCCCGGCAGATTCACAGCAGATTCCACGGGCCCGCTGCTACTC
GCA_002086405.1_23S	GCA_002086405.1_23S_53	GGGAAATCGTCACAAGACAGGTATCGGGTTTTCACGTACCGGGCTCTCAC
GCA_002086405.1_23S	GCA_002086405.1_23S_54	CGTCTACGGCAGGCCATCCCAAGCCACTTCCGCTAACCACAACACTTTTT
GCA_002086405.1_23S	GCA_002086405.1_23S_55	CACTGTCCTCCAGGCGAGTAGACCCAGACATGACGCTCCCACAACCCCGC
GCA_002086405.1_23S	GCA_002086405.1_23S_56	ACACACAACCCCTACCCGGTATCACATGCATACGGTTTAGCCATCCTCCG
GCA_002086405.1_23S	GCA_002086405.1_23S_57	CTTTCGCTCGCCACTACTCACGGAATCACATTTTGTTTTCTCTTCCTACG
GCA_002086405.1_23S	GCA_002086405.1_23S_58	GGTACTGAGATGTTTCACTTCCCCGCGTTACCTCCCCACTGGCTATACAT
GCA_002086405.1_23S	GCA_002086405.1_23S_59	TCACCAGTTGGTGACACGACATCACTCGTGCCGGGTTTCCCCATTCGGAC
GCA_002086405.1_23S	GCA_002086405.1_23S_60	ATCCTCGGATCCACGCTCGGTTGGCAGCTCCCCGAGGCATATCGCAGCCT
GCA_002086405.1_23S	GCA_002086405.1_23S_61	CCTACGTCCTTCATCGGCTCTCGATGCCAAGGCATCCACCATGCGCCCTTAAACACTTAC
