target_rRNA_label	probe_ID	probe_sequence
GCA_001613405.1_16S	GCA_001613405.1_16S_0	AGGTGATCCAGCCGCACCTTCCGGTACGGCTACCTTGTTACGACTTCGTCCCA
GCA_001613405.1_16S	GCA_001613405.1_16S_1	ATCGCCAATCCCACCTTCGACGCCTCCCTCCCTTACGGGTTAGGCCAGCG
GCA_001613405.1_16S	GCA_001613405.1_16S_2	GCTTCGGGTGTTACCGACTTTCATGACGTGACGGGCGGTGTGTACAAGGC
GCA_001613405.1_16S	GCA_001613405.1_16S_3	CCGGGAACGTATTCACCGCAGCGTTGCTGATCTGCGATTACTAGCGACTC
GCA_001613405.1_16S	GCA_001613405.1_16S_4	CAACTTCACGGGGTCGAGTTGCAGACCCCGATCCGAACTGAGACCGGCTT
GCA_001613405.1_16S	GCA_001613405.1_16S_5	TAAGGGATTCGCTCCACCTCACGGTATCGCTGCCCTCTGTACCGGCCATT
GCA_001613405.1_16S	GCA_001613405.1_16S_6	GTAGCATGTGTGAAGCCCTGGACATAAGGGGCATGATGACTTGACGTCGT
GCA_001613405.1_16S	GCA_001613405.1_16S_7	CCCCACCTTCCTCCGAGTTGACCCCGGCAGTCTCTCACGAGTCCCCGCCA
GCA_001613405.1_16S	GCA_001613405.1_16S_8	TGACGCGCTGGCAACATAAGATAAGGGTTGCGCTCGTTGCGGGACTTAAC
GCA_001613405.1_16S	GCA_001613405.1_16S_9	CCAACATCTCACGACACGAGCTGACGACAGCCATGCACCACCTGTACACC
GCA_001613405.1_16S	GCA_001613405.1_16S_10	GACCACAAGGGGGGCCGCATCTCTACGGCTTTCCGGCGTATGTCAAACCC
GCA_001613405.1_16S	GCA_001613405.1_16S_11	AGGTAAGGTTCTTCGCGTTGCATCGAATTAATCCACATGCTCCGCCGCTT
GCA_001613405.1_16S	GCA_001613405.1_16S_12	GTGCGGGCCCCCGTCAATTCCTTTGAGTTTTAGCCTTGCGGCCGTACTCC
GCA_001613405.1_16S	GCA_001613405.1_16S_13	CCAGGCGGGGTACTTAATGCGTTAGCTACGGCACGGATCCCGTGGAAGGA
GCA_001613405.1_16S	GCA_001613405.1_16S_14	AACCCACACCTAGTACCCACCGTTTACGGCGTGGACTACCAGGGTATCTA
GCA_001613405.1_16S	GCA_001613405.1_16S_15	ATCCTGTTCGCTACCCACGCTTTCGCTTCTCAGCGTCAGTTACTTCCCAG
GCA_001613405.1_16S	GCA_001613405.1_16S_16	AGACACGCCTTCGCCACCGGTGTTCCTCCTGATATCTGCGCATTTCACCG
GCA_001613405.1_16S	GCA_001613405.1_16S_17	CTACACCAGGAATTCCAGTCTCCCCTGAAGTACTCTAGTCTGCCCGTATC
GCA_001613405.1_16S	GCA_001613405.1_16S_18	GACCGCAGGCTGGCGGTTGAGCCGCCAGTTTTCACGATCGACGTGACAGA
GCA_001613405.1_16S	GCA_001613405.1_16S_19	CCGCCTACAAGCTCTTTACGCCCAGTAATTCCGGACAACGCTCGCACCCT
GCA_001613405.1_16S	GCA_001613405.1_16S_20	ACGTATTACCGCGGCTGCTGGCACGTAGTTGGCCGGTGCTTCTTCTACAG
GCA_001613405.1_16S	GCA_001613405.1_16S_21	GTACCGTCACTTGCGCTTCGTCCCTGTCGAAAGAGGTTTACAACCCGAAG
GCA_001613405.1_16S	GCA_001613405.1_16S_22	GCCGTCATCCCTCACGCGGCGTCGCTGCATCAGGCTTCCGCCCATTGTGC
GCA_001613405.1_16S	GCA_001613405.1_16S_23	AATATTCCCCACTGCTGCCTCCCGTAGGAGTCTGGGCCGTGTCTCAGTCC
GCA_001613405.1_16S	GCA_001613405.1_16S_24	CAGTGTGGCCGATCACCCTCTCAGGTCGGCTACCCGTCGTCGCCTTGGTA
GCA_001613405.1_16S	GCA_001613405.1_16S_25	GGCCGTTACCCCACCAACAAGCTGATAGGCCGCGGGCCCATCTCGCACCG
GCA_001613405.1_16S	GCA_001613405.1_16S_26	ATAAATCTTTCCACCACACACCATGCAGTGCGTGGTCATATCCGGTATTA
GCA_001613405.1_16S	GCA_001613405.1_16S_27	GACCCAGTTTCCCAGGCTTATCCCAGAGTACGAGGCAGATCACCCACGTG
GCA_001613405.1_16S	GCA_001613405.1_16S_28	TTACTCACCCGTTCGCCGCTCGTGTACCCCGAAGGGCCTTACCGCTCGAC
GCA_001613405.1_16S	GCA_001613405.1_16S_29	TTGCATGTGTTAAGCACGCCGCCAGCGTTCGTCCTGAGCCAGGATCAAACTCT
GCA_001613405.1_23S	GCA_001613405.1_23S_0	GTTGGTAAGTCCTCGGCCTATTAGTACCAGTCACCTACACCCATTACTGGGCTTC
GCA_001613405.1_23S	GCA_001613405.1_23S_1	CAGTTCTGGCCTATCAACCCAATGGTCTGTTGGGGGCCTTACCCCCTCGA
GCA_001613405.1_23S	GCA_001613405.1_23S_2	GGGGGTGAGAAACCTCATCTTGGAACAGGCTTCCCGCTTAGATGCTTTCA
GCA_001613405.1_23S	GCA_001613405.1_23S_3	GCGGTTATCCCTTCCGAACGTGGCCAACCAGCCGTGCCCCTGGCGGGACA
GCA_001613405.1_23S	GCA_001613405.1_23S_4	ACTGGCACACCAGAGGTTCGTCCGTCCCGGTCCTCTCGTACTAGGGACAG
GCA_001613405.1_23S	GCA_001613405.1_23S_5	CCTTCCTCAAGTTTCTGACGCGCGCGGCGGATAGAGACCGAACTGTCTCA
GCA_001613405.1_23S	GCA_001613405.1_23S_6	CGACGTTCTAAACCCAGCTCGCGTGCCGCTTTAATGGGCGAACAGCCCAA
GCA_001613405.1_23S	GCA_001613405.1_23S_7	CCCTTGGGACCTACTCCAGCCCCAGGATGCGACGAGCCGACATCGAGGTG
GCA_001613405.1_23S	GCA_001613405.1_23S_8	CCAAACCATCCCGTCGATATGGACTCTTGGGGAAGATCAGCCTGTTATCC
GCA_001613405.1_23S	GCA_001613405.1_23S_9	CCGGGGTACCTTTTATCCGTTGAGCGACACCGCTTCCACTTGCCGGTGCC
GCA_001613405.1_23S	GCA_001613405.1_23S_10	GGATCACTAGTCCCGACTTTCGTCCCTGCTCGACCTGTCGGTCTCACAGT
GCA_001613405.1_23S	GCA_001613405.1_23S_11	CAAGCTCCCTTGTGCACTTGCACTCGACACCTGATTGCCAACCAGGCTGA
GCA_001613405.1_23S	GCA_001613405.1_23S_12	GGGAACCTTTGGGCGCCTCCGTTACATTTTGGGAGGCAACCGCCCCAGTT
GCA_001613405.1_23S	GCA_001613405.1_23S_13	AAACTACCCACCAGGCACTGTCCCTGAACCCGATCAGGGTCCGAGGTTAG
GCA_001613405.1_23S	GCA_001613405.1_23S_14	AGGTCCAATACGATCAGAGTGGTATTTCAACGACAACTCCACCCGAACTG
GCA_001613405.1_23S	GCA_001613405.1_23S_15	GCGTCCGAGCTTCACAGTTTCCCACCTATCCTACACAAACCGTACCGAAC
GCA_001613405.1_23S	GCA_001613405.1_23S_16	ACCAATACCAAGCTATAGTGAAGGTCCCGGGGTCTTTTCGTCCTGCCGCG
GCA_001613405.1_23S	GCA_001613405.1_23S_17	CGTAACGAGCATCTTTACTCGTAATGCAATTTCGCCGAGTCTGTGGTTGA
GCA_001613405.1_23S	GCA_001613405.1_23S_18	GACAGCAGAGAAGTCGTTACGCCATTCGTGCAGGTCGGAACTTACCCGAC
GCA_001613405.1_23S	GCA_001613405.1_23S_19	AAGGAATTTCGCTACCTTAGGATGGTTATAGTTACCACCGCCGTTTACCG
GCA_001613405.1_23S	GCA_001613405.1_23S_20	GGGCTTAAATTCTCAGCTTCGCCATTGCTGGCTAACCGGTCCTCTTAACC
GCA_001613405.1_23S	GCA_001613405.1_23S_21	TTCCGGCACCGGGCAGGCGTCAGTCCGTATACATCGTCTTACGACTTCGC
GCA_001613405.1_23S	GCA_001613405.1_23S_22	ACGGACCTATGTTTTTAGTAAACAGTCGCTTCTCTCTGGTCTCTGCGACC
GCA_001613405.1_23S	GCA_001613405.1_23S_23	CAACCCAGCTTCGAGAGCAAGTCTCTACACCAGATCGGGTCCCCCTTCTC
GCA_001613405.1_23S	GCA_001613405.1_23S_24	CCGAAGTTACGGGGGCATTTTGCCGAGTTCCTTAACCACAGTTATCTCGA
GCA_001613405.1_23S	GCA_001613405.1_23S_25	TCGCCTTAGTATTCTCTACCTGACCACCTGTGTCGGTTTGGGGTACGGGC
GCA_001613405.1_23S	GCA_001613405.1_23S_26	CGTGTACCAACTCACTAGAGGCTTTTCTCGGCAGCATAGGATCACTGAAT
GCA_001613405.1_23S	GCA_001613405.1_23S_27	TCGCCTCAATCGGCTACGCATCACGTCTCAGGACATGTGAACCGCGGATT
GCA_001613405.1_23S	GCA_001613405.1_23S_28	TGCCTACGGTTCTCCCTACACGCTTACACCAGGTATTCCATCACCTGGCC
GCA_001613405.1_23S	GCA_001613405.1_23S_29	CAGCTACCTTCCTGCGTCACCCCATCGCTTGACTACTACAGCCAGGGTCC
GCA_001613405.1_23S	GCA_001613405.1_23S_30	CGTGCAGCCACTTCCGGCTCCCCGAAGGGAGTCCATCCGCTTTTGGACGG
GCA_001613405.1_23S	GCA_001613405.1_23S_31	TTAGCACAACTGATTCGCCATTGGGCGCGGGTACACGGGTACGGGAATAT
GCA_001613405.1_23S	GCA_001613405.1_23S_32	CAACCCGTTGTCCATCGGCTACGCCTGTCGGCCTCGTCTTAGGTCCCGAC
GCA_001613405.1_23S	GCA_001613405.1_23S_33	TCACCCTGGGCGGATTAACCTGGCCCAGGAACCCTTGGTCATTCGGCGGA
GCA_001613405.1_23S	GCA_001613405.1_23S_34	CGAGTTTCTCACTCGTCTTTCGCTACTCATGCCTGCATTCTCACTCGCGC
GCA_001613405.1_23S	GCA_001613405.1_23S_35	AGCCTCCACGGCTGGATCACTCCGCCGCTTCCCTGGCTACACGACGCTCC
GCA_001613405.1_23S	GCA_001613405.1_23S_36	CCTACCCACCCCAGCGACTGGCCCGAAGGCGATCTAATGCTGGAGTGCCG
GCA_001613405.1_23S	GCA_001613405.1_23S_37	CGGCTTCGGCGGTGTACTTGAGCCCCGCTACATTGTCGGCGCAGGATCAC
GCA_001613405.1_23S	GCA_001613405.1_23S_38	TTGACCAGTGAGCTATTACGCACTCTTTCAAGGGTGGCTGCTTCTAAGCC
GCA_001613405.1_23S	GCA_001613405.1_23S_39	AACCTCCTGGTTGTCTTCGCGACCCCACATCCTTTTCCACTTAGTACACG
GCA_001613405.1_23S	GCA_001613405.1_23S_40	CTTAGGGGCCTTAGCCGACGATCTGGGCTGTTTCCCTCTCGACTACGAAG
GCA_001613405.1_23S	GCA_001613405.1_23S_41	CTTATCCCCCGCAGTCTCACTGCCACGCTCTCACACACCGGCATTCGGAG
GCA_001613405.1_23S	GCA_001613405.1_23S_42	TTTGGCTGACTTCGGTAAGCTTGTGGGCCCCCTAGGCCATCCAGTAGCTC
GCA_001613405.1_23S	GCA_001613405.1_23S_43	TACCTCCGGCGTGAAACACGTGACGCTGCACCTAAATGCATTTCGGGGAG
GCA_001613405.1_23S	GCA_001613405.1_23S_44	AACCAGCTATCACGGAGTTTGATTGGCCTTTCACCCCTACCCACAGCTCA
GCA_001613405.1_23S	GCA_001613405.1_23S_45	TCCCCTCAGTTTTCAACCTAAGTGGGTTCGGGCCTCCACGACGTCTTACC
GCA_001613405.1_23S	GCA_001613405.1_23S_46	GTCGCTTCACCCTGGCCATGGGTAGATCACTCCGCTTCGGGTCCATAGTG
GCA_001613405.1_23S	GCA_001613405.1_23S_47	TGCGACTGGAGGCGCCCTATTCGGACTCGCTTTCGCTACGGCTACCCCAC
GCA_001613405.1_23S	GCA_001613405.1_23S_48	ACGGGTTAACCTCGCCACACACCGATGACTCGCAGGCTCATTCTTCAAAA
GCA_001613405.1_23S	GCA_001613405.1_23S_49	GGCACGCCATCACCCCACCCCAAAGGGAGGGCTCTGACAGATTGTAAGCG
GCA_001613405.1_23S	GCA_001613405.1_23S_50	CACGGTTTCAGGTACTATTTCACTCCCCTCCCGGGGTACTTTTCACCTTT
GCA_001613405.1_23S	GCA_001613405.1_23S_51	CCCTCACGGTACTAGTCCGCTATCGGTCACCAGGTAGTATTCAGGCTTAC
GCA_001613405.1_23S	GCA_001613405.1_23S_52	CGGGTGGTCCCGGCAGATTCACAGCAGATTTCACGGGCCCGCTGCTACTC
GCA_001613405.1_23S	GCA_001613405.1_23S_53	GGGTACTTGATACAAGAGAGAACACGTTTTCGCTTACCGGACTCTCACCG
GCA_001613405.1_23S	GCA_001613405.1_23S_54	TCTACGGTTGGCCGTCCCAGACCAATTCAGCTAACGCGATCTTTTCTGAC
GCA_001613405.1_23S	GCA_001613405.1_23S_55	TCTTGCTCCTCACGGCAGTGAGAAGAAATCAAGCCCCACAACCCCCAGAA
GCA_001613405.1_23S	GCA_001613405.1_23S_56	CGAAACGACTGCCGTCTATCACGCGCTCTGGGTTTAGCCTCTTCCGCTTT
GCA_001613405.1_23S	GCA_001613405.1_23S_57	CGCTCGCCACTACTCACGGAATCACTGTTGTTTTCTCTTCCTGCGGGTAC
GCA_001613405.1_23S	GCA_001613405.1_23S_58	TGAGATGTTTCACTTCCCCACGTTCCCTCCACACACCCTATATATTCAGG
GCA_001613405.1_23S	GCA_001613405.1_23S_59	CGTGGGTGACACGACATCACTCGTGCCGGGTTTCCCCATTCGGACATCCT
GCA_001613405.1_23S	GCA_001613405.1_23S_60	CGGATCTCAGCTCGGTTGACAGCTCTCCGAGGCTTATCGCAGCCTCCTAC
GCA_001613405.1_23S	GCA_001613405.1_23S_61	GTCCTTCATCGGCTCCTGGTGCCAAGGCATCCACCGTACGCTCTTACACACTTAC
