target_rRNA_label	probe_ID	probe_sequence
GCA_001556105.1_16S	GCA_001556105.1_16S_0	AGGTGATCCAGCCGCACCTTCCGATACGGCTACCTTGTTACGACTTCACCCCAGTCATCGGCCACA
GCA_001556105.1_16S	GCA_001556105.1_16S_1	CCGTGGCAAGCGCCCTCCCGAAGGTTAAGCTACCTGCTTCTGGTGCAACA
GCA_001556105.1_16S	GCA_001556105.1_16S_2	AACTCCCATGGTGTGACGGGCGGTGTGTACAAGGCCCGGGAACGTATTCA
GCA_001556105.1_16S	GCA_001556105.1_16S_3	CCGCAGCAATGCTGATCTGCGATTACTAGCGATTCCGACTTCATGGAGTC
GCA_001556105.1_16S	GCA_001556105.1_16S_4	GAGTTGCAGACTCCAATCCGGACTGAGATAGGGTTTCTGGGATTGGCTCA
GCA_001556105.1_16S	GCA_001556105.1_16S_5	CCCTCGCGGGTTTGCAGCCCTCTGTCCCTACCATTGTAGTACGTGTGTAG
GCA_001556105.1_16S	GCA_001556105.1_16S_6	CCCTGGTCGTAAGGGCCATGATGACTTGACGTCATCCCCACCTTCCTCCG
GCA_001556105.1_16S	GCA_001556105.1_16S_7	GTTTGTCACCGGCGGTCTCCTTAGAGTTCCCACCATTACGTGCTGGCAAC
GCA_001556105.1_16S	GCA_001556105.1_16S_8	TAAGGACAAGGGTTGCGCTCGTTGCGGGACTTAACCCAACATCTCACGAC
GCA_001556105.1_16S	GCA_001556105.1_16S_9	ACGAGCTGACGACAGCCATGCAGCACCTGTCTCACGGTTCCCGAAGGCAC
GCA_001556105.1_16S	GCA_001556105.1_16S_10	CAATCCATCTCTGGAAAGTTCCGTGGATGTCAAGACCAGGTAAGGTTCTT
GCA_001556105.1_16S	GCA_001556105.1_16S_11	CGCGTTGCATCGAATTAAACCACATACTCCACCGCTTGTGCGGGCCCCCG
GCA_001556105.1_16S	GCA_001556105.1_16S_12	TCAATTCCTTTGAGTTTCAGTCTTGCGACCGTACTCCCCAGGCGGCGAAC
GCA_001556105.1_16S	GCA_001556105.1_16S_13	TTAACGCGTTAGCTTCGATACTGGGTGCCAAGTTGCACCCAACATCCAGT
GCA_001556105.1_16S	GCA_001556105.1_16S_14	TCGCATCGTTTAGGGCGTGGACTACCAGGGTATCTAATCCTGTTTGCTCC
GCA_001556105.1_16S	GCA_001556105.1_16S_15	CCACGCTTTCGTGCCTCAGTGTCAGTGTTGGCCCAGGATGCCGCCTTCGC
GCA_001556105.1_16S	GCA_001556105.1_16S_16	CACGGATGTTCCTTCTGATCTCTACGCATTTCACTGCTACACCAGAAATT
GCA_001556105.1_16S	GCA_001556105.1_16S_17	CCGCATCCCTCTACCACACTCTAGTAATCCAGTATCCACTGCAATTCCCA
GCA_001556105.1_16S	GCA_001556105.1_16S_18	GGTTGAGCCCAGGGCTTTCACAGCAGACTTAAACCACCACCTACGCACGC
GCA_001556105.1_16S	GCA_001556105.1_16S_19	TTTACGCCCAGTAATTCCGAGTAACGCTTGCACCCTTCGTATTACCGCGG
GCA_001556105.1_16S	GCA_001556105.1_16S_20	CTGCTGGCACGAAGTTAGCCGGTGCTTATTCTTTGGGTACCGTCATCCCC
GCA_001556105.1_16S	GCA_001556105.1_16S_21	ACCGGTTATTAACCGATAGGATTTCTTTCCCAACAAAAGGGCTTTACAAC
GCA_001556105.1_16S	GCA_001556105.1_16S_22	CCGAAGGCCTTCTTCACCCACGCGGTATGGCTGGATCAGGCTTGCGCCCA
GCA_001556105.1_16S	GCA_001556105.1_16S_23	TTGTCCAATATTCCCCACTGCTGCCTCCCGTAGGAGTCTGGACCGTGTCT
GCA_001556105.1_16S	GCA_001556105.1_16S_24	CAGTTCCAGTGTGGCTGATCATCCTCTCAGACCAGCTACCGATCGTCGCC
GCA_001556105.1_16S	GCA_001556105.1_16S_25	TTGGTGGGCCATTACCCCGCCAACTAGCTAATCGGACATCGGCTCATCTA
GCA_001556105.1_16S	GCA_001556105.1_16S_26	ATCGCGTGAGGCCTTGCGGTCCCCCACTTTCACCCGTAGGTCGTATGCGG
GCA_001556105.1_16S	GCA_001556105.1_16S_27	TATTAGCGTAAGTTTCCCTACGTTATCCCCCACGAAAAGGTAGATTCCGA
GCA_001556105.1_16S	GCA_001556105.1_16S_28	TGTATTCCTCACCCGTCCGCCACTCGCCACCCAGAGAGCAAGCTCTCCTG
GCA_001556105.1_16S	GCA_001556105.1_16S_29	TGCTGCCGTTCGACTTGCATGTGTTAGGCCTACCGCCAGCGTTCACTCTGAGCCAGGATCAAACTCT
GCA_001556105.1_23S	GCA_001556105.1_23S_0	ATGGTCAAGCCACACGGATCATTAGTATCAGTTAGCTCAATGGGTTGCCCCACTTACACACCT
GCA_001556105.1_23S	GCA_001556105.1_23S_1	GACCTATCAACCACCTAGTCTTGATGGTTCCTTTAGGGGGCTTGTGCCCC
GCA_001556105.1_23S	GCA_001556105.1_23S_2	GGGAGATCTCATCTTGAGGCGCGCTTCCCGCTTAGATGCTTTCAGCGGTT
GCA_001556105.1_23S	GCA_001556105.1_23S_3	ATCGCTTCCGAACATAGCTACCCGGCAATGCCACTGGCGTGACAACCGGA
GCA_001556105.1_23S	GCA_001556105.1_23S_4	ACACCAGAGGTTCGTCCACTCCGGTCCTCTCGTACTAGGAGCAGCCCCTC
GCA_001556105.1_23S	GCA_001556105.1_23S_5	TCAAATCTCCAACGCCCATGGCAGATAGGGACCGAACTGTCTCACGACGT
GCA_001556105.1_23S	GCA_001556105.1_23S_6	TCTGAACCCAGCTCGCGTACCACTTTAAATGGCGAACAGCCATACCCTTG
GCA_001556105.1_23S	GCA_001556105.1_23S_7	GGACCGACTACAGCCCCAGGATGTGATGAGCCGACATCGAGGTGCCAAAC
GCA_001556105.1_23S	GCA_001556105.1_23S_8	ACCGCCGTCGATATGAACTCTTGGGCGGTATCAGCCTGTTATCCCCGGAG
GCA_001556105.1_23S	GCA_001556105.1_23S_9	TACCTTTTATCCGTTGAGCGATGGCCCTTCCATACAGAACCACCGGATCA
GCA_001556105.1_23S	GCA_001556105.1_23S_10	CTAAGTCCTACTTTCGTACCTGCTTGATCCGTCGATCTCGCAGTCAAGCA
GCA_001556105.1_23S	GCA_001556105.1_23S_11	CGCTTATGCCTTTGCACACAGTGCGCGATGTCCGACCGCGCTGAGCGTAC
GCA_001556105.1_23S	GCA_001556105.1_23S_12	CTTCGAGCTCCTCCGTTACTCTTTGGGAGGAGACCGCCCCAGTCAAACTA
GCA_001556105.1_23S	GCA_001556105.1_23S_13	CCCACCATACATGGTCCCCGATCCGGATTACGGACCTAGGTTAGAACGTC
GCA_001556105.1_23S	GCA_001556105.1_23S_14	AAGCACATCAGGGTGGTATTTCAAGGTTGGCTCCACCGAAGCTAGCGCCT
GCA_001556105.1_23S	GCA_001556105.1_23S_15	CGGTTTCATAGCCTCCCACCTATCCTACACAGACGAACTCAACGTTCAAT
GCA_001556105.1_23S	GCA_001556105.1_23S_16	GTAAAGCTATAGTAAAGGTTCACGGGGTCTTTCCGTCTTGCCACGGGAAC
GCA_001556105.1_23S	GCA_001556105.1_23S_17	GCTGCATCTTCACAGCGATTTCAATTTCACTGAGTCTCGGGTGGAGACAG
GCA_001556105.1_23S	GCA_001556105.1_23S_18	CGCCGCTGTCGTTACGCCATTCGTGCAGGTCGGAACTTACCCGACAAGGA
GCA_001556105.1_23S	GCA_001556105.1_23S_19	ATTTCGCTACCTTAGGACCGTTATAGTTACGGCCGCCGTTTACTGGGGCT
GCA_001556105.1_23S	GCA_001556105.1_23S_20	TCGATCAAGAGCTTCGCCTTGCGGCTGACCCCATCAATTAACCTTCCAGC
GCA_001556105.1_23S	GCA_001556105.1_23S_21	ACCGGGCAGGCGTCACACCCTATACGTCCACTTTCGTGTTTGCAGAGTGC
GCA_001556105.1_23S	GCA_001556105.1_23S_22	TGTGTTTTTGATAAACAGTCGCAGCGGCCTGGTTTCTGCGACCCCCCTCA
GCA_001556105.1_23S	GCA_001556105.1_23S_23	GCTATAGCCCGCATGGGCCACCAAAGAGGGTGCACCTTCTCCCGAAGTTA
GCA_001556105.1_23S	GCA_001556105.1_23S_24	CGGTGCCATGTTGCCTAGTTCCTTCACCCGAGTTCTCTCAAGCGCCTGAG
GCA_001556105.1_23S	GCA_001556105.1_23S_25	AATTCTCATCCTACCCACCTGTGTCGGTTTACGGTACGGTCTGCGTGAGC
GCA_001556105.1_23S	GCA_001556105.1_23S_26	TGAAGCTTAGGAGCTTTTCCTGGAAGCGTGGTATCAGTGACTTCGTCCTA
GCA_001556105.1_23S	GCA_001556105.1_23S_27	AAGGACTCGTCTCGGTGCTCGGTCTTAAAGGATCCCGGATTTGCCAAAGA
GCA_001556105.1_23S	GCA_001556105.1_23S_28	TCCAAACCTACCGCCTTTCCCCGGGACAACCAACGCCCGGTACACCTAAC
GCA_001556105.1_23S	GCA_001556105.1_23S_29	CTTCTCCGTCCCTCCATCGCACTCACGCGAGGTGCAGGAATATTAACCTG
GCA_001556105.1_23S	GCA_001556105.1_23S_30	CTTCCCATCGACTACGGCTTTCGCCCTCGCCTTAGGGACCGACTAACCCT
GCA_001556105.1_23S	GCA_001556105.1_23S_31	GCGTCGATTAACGTTGCGCAAGGAAACCTTGGGCTTTCGGCGTGCGGGCT
GCA_001556105.1_23S	GCA_001556105.1_23S_32	TTTCACCCGCATTATCGTTACTCATGTCAGCATTCGCACTTCCGATACCT
GCA_001556105.1_23S	GCA_001556105.1_23S_33	CCAGCAACCTTCTCAAGTCACCTTCAACGGCTTACGGAACGCTCCTCTAC
GCA_001556105.1_23S	GCA_001556105.1_23S_34	CGCGCATAACAAAGTTATGCACCCCAAGCTTCGGTTTCGTGCTTAGCCCC
GCA_001556105.1_23S	GCA_001556105.1_23S_35	GTTAAATCTTCCGCGCAGACCGACTCGACCAGTGAGCTATTACGCTTTCT
GCA_001556105.1_23S	GCA_001556105.1_23S_36	TTAAAGGGTGGCTGCTTCTAAGCCAACCTCCTGGCTGTCTGTGCCTTTCC
GCA_001556105.1_23S	GCA_001556105.1_23S_37	ACATCGTTTTCCACTTAGCACGAAATTTGGGACCTTAGCTGTGGGTCTGG
GCA_001556105.1_23S	GCA_001556105.1_23S_38	GTTGTTTCCCTTTTCACGACGGACGTTAGCACCCGCCGTGTGTCTCCCGT
GCA_001556105.1_23S	GCA_001556105.1_23S_39	ACATTCTGTCTTGGTATTCGGAGTTTGCCATGGTTTGCTAAGACGCGATG
GCA_001556105.1_23S	GCA_001556105.1_23S_40	TCCCGCTAGCCATAACAGTGCTCTACCCCCAAGAAGATTCATACGAGGCG
GCA_001556105.1_23S	GCA_001556105.1_23S_41	CTACCTAAATAGCTTTCGAGGAGAACCAGCTATCTCCGGGTTCGATTAGC
GCA_001556105.1_23S	GCA_001556105.1_23S_42	TTTTCACTCCTAATCACAGCTCATCCCCGTCTTTTGCAACAGACGTGGGT
GCA_001556105.1_23S	GCA_001556105.1_23S_43	TCGGGCCTCCAGTACCTGTTACGGCACCTTCACCCTGGCCATGACTAGAT
GCA_001556105.1_23S	GCA_001556105.1_23S_44	CACCCGGTTTCGGGTCTACTGCCCGCGACTATGCGCCCTTATCAGACTCG
GCA_001556105.1_23S	GCA_001556105.1_23S_45	GTTTCCCTTCGCCTCCCCTATACGGTTAAGCTTGCCACGAACAGTAAGTC
GCA_001556105.1_23S	GCA_001556105.1_23S_46	GCTGACCCATTATACAAAAGGTACGCAGTCACCCTTGCGGGCTCCTACTG
GCA_001556105.1_23S	GCA_001556105.1_23S_47	CTTGTACGCACACGGTTTCAGGATCTATTTCACTCCCCTCTCCGGGGTTC
GCA_001556105.1_23S	GCA_001556105.1_23S_48	TTTTCGCCTTTCCCTCACGGTACTGGTTCACTATCGGTCGGTCAGGAGTA
GCA_001556105.1_23S	GCA_001556105.1_23S_49	TTTAGCCTTGGAGGATGGTCCCCCCATGTTCAGACAGGGTTTCTCGTGCC
GCA_001556105.1_23S	GCA_001556105.1_23S_50	CCGCCTTACTCGTCTTCACTGAAAAGGTCTTTTCGAATACCGGGCTGTCA
GCA_001556105.1_23S	GCA_001556105.1_23S_51	CCGTCTATGGCCAGTCTTTCCAGACTGTTCTTCTAAAACCAATCCAGCTT
GCA_001556105.1_23S	GCA_001556105.1_23S_52	AAGGGCTGGTCCCCGTTCGCTCGTCACTACTCAGGGAATCTCGGTTGATT
GCA_001556105.1_23S	GCA_001556105.1_23S_53	TCTTTTCCTCCGGTTACTTAGATATTTCAGTTCACCGGGTTTGCTTCCAG
GCA_001556105.1_23S	GCA_001556105.1_23S_54	CAGCTATGTATTCACTGCAGGATACTGCCGAAGCAGTGGGTTTCCCCATT
GCA_001556105.1_23S	GCA_001556105.1_23S_55	CGGACATTACGGGATCAATGCTTGTTGCCAGCTCCCCCGTACTTTTCGCA
GCA_001556105.1_23S	GCA_001556105.1_23S_56	GGCTGCCACGTCCTTCATCGCCTCTGACCGCCAAGGCATCCACCGTGTGCGCTTATTCGCTTGA
